100
601 908 2401
90 90 113 113 90 90 113 90 135 113 90 90 113 113 90 113 90 90 90 90 90 113 90 135 113 113 90 113 113 113
90 135 90 90 113 113 90 90 113 90 90 135 90 90 113 113 113 90 113 113 113 90 113 113 113 113 113 90 90 90
90 113 113 113 113 90 90 113 113 113 113 113 135 113 113 90 135 90 90 113 90 113 90 113 113 90 113 113 90 90
90 90 90 113 90 113 113 90 113 90 
725 1027 2525 
90 90 113 113 90 90 113 90 135 113 90 90 113 113 90 113 90 90 90 90 90 113 90 135 113 113 90 113 113 113
90 135 90 90 113 113 90 90 113 90 90 135 90 90 113 113 113 90 113 113 113 90 113 113 113 113 113 90 90 90
90 113 113 113 113 90 90 113 113 113 113 113 135 113 113 90 135 90 90 113 90 113 90 113 113 90 113 113 90 90
90 90 90 113 90 113 113 90 113 90 
928 1378 2728 
68 68 68 68 68 68 68 68 68 68 68 68 68 68 68 68 68 68 68 68 68 68 68 68 68 68 68 68 68 68
68 68 68 68 68 68 68 68 68 68 68 68 68 68 68 68 68 68 68 68 68 68 68 68 68 68 68 68 68 68
68 68 68 68 68 68 68 68 68 68 68 68 68 68 68 68 68 68 68 68 68 68 68 68 68 68 68 68 68 68
68 68 68 68 68 68 68 68 68 68 
974 1502 2774 
68 68 90 68 68 68 90 68 90 68 68 68 90 68 68 68 68 68 68 68 68 68 68 90 90 68 68 68 68 68
68 90 68 68 68 90 68 68 68 68 68 90 68 68 68 90 90 68 68 68 68 68 90 68 68 90 90 68 68 68
68 68 90 90 90 68 68 68 90 90 68 68 90 90 68 68 90 68 68 90 68 68 68 68 68 68 68 68 68 68
68 68 68 68 68 68 68 68 90 68 
1056 1618 2856
90 90 113 113 90 90 113 90 135 113 90 90 113 113 90 113 90 90 90 90 90 113 90 135 113 113 90 113 113 113
90 135 90 90 113 113 90 90 113 90 90 135 90 90 113 113 113 90 113 113 113 90 113 113 113 113 113 90 90 90
90 113 113 113 113 90 90 113 113 113 113 113 135 113 113 90 135 90 90 113 90 113 90 113 113 90 113 113 90 90
90 90 90 113 90 113 113 90 113 90 
1119 1235 2919
90 90 113 113 90 90 113 90 135 113 90 90 113 113 90 113 90 90 90 90 90 113 90 135 113 113 90 113 113 113
90 135 90 90 113 113 90 90 113 90 90 135 90 90 113 113 113 90 113 113 113 90 113 113 113 113 113 90 90 90
90 113 113 113 113 90 90 113 113 113 113 113 135 113 113 90 135 90 90 113 90 113 90 113 113 90 113 113 90 90
90 90 90 113 90 113 113 90 113 90 
1148 1520 2948
68 68 68 68 68 68 68 68 68 68 68 68 68 68 68 68 68 68 68 68 68 68 68 68 68 68 68 68 68 68
68 68 68 68 68 68 68 68 68 68 68 68 68 68 68 68 68 68 68 68 68 68 68 68 68 68 68 68 68 68
68 68 68 68 68 68 68 68 68 68 68 68 68 68 68 68 68 68 68 68 68 68 68 68 68 68 68 68 68 68
68 68 68 68 68 68 68 68 68 68 
1195 1401 2995
90 90 113 113 90 90 113 90 135 113 90 90 113 113 90 113 90 90 90 90 90 113 90 135 113 113 90 113 113 113
90 135 90 90 113 113 90 90 113 90 90 135 90 90 113 113 113 90 113 113 113 90 113 113 113 113 113 90 90 90
90 113 113 113 113 90 90 113 113 113 113 113 135 113 113 90 135 90 90 113 90 113 90 113 113 90 113 113 90 90
90 90 90 113 90 113 113 90 113 90 
1201 1584 3001
68 68 68 68 68 68 68 68 68 68 68 68 68 68 68 68 68 68 68 68 68 68 68 68 68 68 68 68 68 68
68 68 68 68 68 68 68 68 68 68 68 68 68 68 68 68 68 68 68 68 68 68 68 68 68 68 68 68 68 68
68 68 68 68 68 68 68 68 68 68 68 68 68 68 68 68 68 68 68 68 68 68 68 68 68 68 68 68 68 68
68 68 68 68 68 68 68 68 68 68 
1218 1343 3018 
68 68 90 68 68 68 90 68 90 68 68 68 90 68 68 68 68 68 68 68 68 68 68 90 90 68 68 68 68 68
68 90 68 68 68 90 68 68 68 68 68 90 68 68 68 90 90 68 68 68 68 68 90 68 68 90 90 68 68 68
68 68 90 90 90 68 68 68 90 90 68 68 90 90 68 68 90 68 68 90 68 68 68 68 68 68 68 68 68 68
68 68 68 68 68 68 68 68 90 68 
1224 1787 3024 
90 90 113 113 90 90 113 90 135 113 90 90 113 113 90 113 90 90 90 90 90 113 90 135 113 113 90 113 113 113
90 135 90 90 113 113 90 90 113 90 90 135 90 90 113 113 113 90 113 113 113 90 113 113 113 113 113 90 90 90
90 113 113 113 113 90 90 113 113 113 113 113 135 113 113 90 135 90 90 113 90 113 90 113 113 90 113 113 90 90
90 90 90 113 90 113 113 90 113 90 
1288 1700 3088 
90 90 113 113 90 90 113 90 135 113 90 90 113 113 90 113 90 90 90 90 90 113 90 135 113 113 90 113 113 113
90 135 90 90 113 113 90 90 113 90 90 135 90 90 113 113 113 90 113 113 113 90 113 113 113 113 113 90 90 90
90 113 113 113 113 90 90 113 113 113 113 113 135 113 113 90 135 90 90 113 90 113 90 113 113 90 113 113 90 90
90 90 90 113 90 113 113 90 113 90 
1613 1724 3413
68 68 68 68 68 68 68 68 68 68 68 68 68 68 68 68 68 68 68 68 68 68 68 68 68 68 68 68 68 68
68 68 68 68 68 68 68 68 68 68 68 68 68 68 68 68 68 68 68 68 68 68 68 68 68 68 68 68 68 68
68 68 68 68 68 68 68 68 68 68 68 68 68 68 68 68 68 68 68 68 68 68 68 68 68 68 68 68 68 68
68 68 68 68 68 68 68 68 68 68 
1671 1907 3471
68 68 90 68 68 68 90 68 90 68 68 68 90 68 68 68 68 68 68 68 68 68 68 90 90 68 68 68 68 68
68 90 68 68 68 90 68 68 68 68 68 90 68 68 68 90 90 68 68 68 68 68 90 68 68 90 90 68 68 68
68 68 90 90 90 68 68 68 90 90 68 68 90 90 68 68 90 68 68 90 68 68 68 68 68 68 68 68 68 68
68 68 68 68 68 68 68 68 90 68 
1700 2234 3500
90 90 113 113 90 90 113 90 135 113 90 90 113 113 90 113 90 90 90 90 90 113 90 135 113 113 90 113 113 113
90 135 90 90 113 113 90 90 113 90 90 135 90 90 113 113 113 90 113 113 113 90 113 113 113 113 113 90 90 90
90 113 113 113 113 90 90 113 113 113 113 113 135 113 113 90 135 90 90 113 90 113 90 113 113 90 113 113 90 90
90 90 90 113 90 113 113 90 113 90 
1801 2003 3601
68 68 90 68 68 68 90 68 90 68 68 68 90 68 68 68 68 68 68 68 68 68 68 90 90 68 68 68 68 68
68 90 68 68 68 90 68 68 68 68 68 90 68 68 68 90 90 68 68 68 68 68 90 68 68 90 90 68 68 68
68 68 90 90 90 68 68 68 90 90 68 68 90 90 68 68 90 68 68 90 68 68 68 68 68 68 68 68 68 68
68 68 68 68 68 68 68 68 90 68 
2067 2169 3867
90 90 113 113 90 90 113 90 135 113 90 90 113 113 90 113 90 90 90 90 90 113 90 135 113 113 90 113 113 113
90 135 90 90 113 113 90 90 113 90 90 135 90 90 113 113 113 90 113 113 113 90 113 113 113 113 113 90 90 90
90 113 113 113 113 90 90 113 113 113 113 113 135 113 113 90 135 90 90 113 90 113 90 113 113 90 113 113 90 90
90 90 90 113 90 113 113 90 113 90 
2091 2215 3891
90 90 113 113 90 90 113 90 135 113 90 90 113 113 90 113 90 90 90 90 90 113 90 135 113 113 90 113 113 113
90 135 90 90 113 113 90 90 113 90 90 135 90 90 113 113 113 90 113 113 113 90 113 113 113 113 113 90 90 90
90 113 113 113 113 90 90 113 113 113 113 113 135 113 113 90 135 90 90 113 90 113 90 113 113 90 113 113 90 90
90 90 90 113 90 113 113 90 113 90 
2242 2781 4042
90 90 113 113 90 90 113 90 135 113 90 90 113 113 90 113 90 90 90 90 90 113 90 135 113 113 90 113 113 113
90 135 90 90 113 113 90 90 113 90 90 135 90 90 113 113 113 90 113 113 113 90 113 113 113 113 113 90 90 90
90 113 113 113 113 90 90 113 113 113 113 113 135 113 113 90 135 90 90 113 90 113 90 113 113 90 113 113 90 90
90 90 90 113 90 113 113 90 113 90 
2340 2436 4140
90 90 113 113 90 90 113 90 135 113 90 90 113 113 90 113 90 90 90 90 90 113 90 135 113 113 90 113 113 113
90 135 90 90 113 113 90 90 113 90 90 135 90 90 113 113 113 90 113 113 113 90 113 113 113 113 113 90 90 90
90 113 113 113 113 90 90 113 113 113 113 113 135 113 113 90 135 90 90 113 90 113 90 113 113 90 113 113 90 90
90 90 90 113 90 113 113 90 113 90 
2619 3111 4419
90 90 113 113 90 90 113 90 135 113 90 90 113 113 90 113 90 90 90 90 90 113 90 135 113 113 90 113 113 113
90 135 90 90 113 113 90 90 113 90 90 135 90 90 113 113 113 90 113 113 113 90 113 113 113 113 113 90 90 90
90 113 113 113 113 90 90 113 113 113 113 113 135 113 113 90 135 90 90 113 90 113 90 113 113 90 113 113 90 90
90 90 90 113 90 113 113 90 113 90 
2705 2967 4505
68 68 90 68 68 68 90 68 90 68 68 68 90 68 68 68 68 68 68 68 68 68 68 90 90 68 68 68 68 68
68 90 68 68 68 90 68 68 68 68 68 90 68 68 68 90 90 68 68 68 68 68 90 68 68 90 90 68 68 68
68 68 90 90 90 68 68 68 90 90 68 68 90 90 68 68 90 68 68 90 68 68 68 68 68 68 68 68 68 68
68 68 68 68 68 68 68 68 90 68 
2726 2971 4526
90 90 113 113 90 90 113 90 135 113 90 90 113 113 90 113 90 90 90 90 90 113 90 135 113 113 90 113 113 113
90 135 90 90 113 113 90 90 113 90 90 135 90 90 113 113 113 90 113 113 113 90 113 113 113 113 113 90 90 90
90 113 113 113 113 90 90 113 113 113 113 113 135 113 113 90 135 90 90 113 90 113 90 113 113 90 113 113 90 90
90 90 90 113 90 113 113 90 113 90 
2803 2918 4603
68 68 68 68 68 68 68 68 68 68 68 68 68 68 68 68 68 68 68 68 68 68 68 68 68 68 68 68 68 68
68 68 68 68 68 68 68 68 68 68 68 68 68 68 68 68 68 68 68 68 68 68 68 68 68 68 68 68 68 68
68 68 68 68 68 68 68 68 68 68 68 68 68 68 68 68 68 68 68 68 68 68 68 68 68 68 68 68 68 68
68 68 68 68 68 68 68 68 68 68 
2882 3258 4682
68 68 68 68 68 68 68 68 68 68 68 68 68 68 68 68 68 68 68 68 68 68 68 68 68 68 68 68 68 68
68 68 68 68 68 68 68 68 68 68 68 68 68 68 68 68 68 68 68 68 68 68 68 68 68 68 68 68 68 68
68 68 68 68 68 68 68 68 68 68 68 68 68 68 68 68 68 68 68 68 68 68 68 68 68 68 68 68 68 68
68 68 68 68 68 68 68 68 68 68 
3246 3728 5046
68 68 90 68 68 68 90 68 90 68 68 68 90 68 68 68 68 68 68 68 68 68 68 90 90 68 68 68 68 68
68 90 68 68 68 90 68 68 68 68 68 90 68 68 68 90 90 68 68 68 68 68 90 68 68 90 90 68 68 68
68 68 90 90 90 68 68 68 90 90 68 68 90 90 68 68 90 68 68 90 68 68 68 68 68 68 68 68 68 68
68 68 68 68 68 68 68 68 90 68 
3335 3468 5135
90 90 113 113 90 90 113 90 135 113 90 90 113 113 90 113 90 90 90 90 90 113 90 135 113 113 90 113 113 113
90 135 90 90 113 113 90 90 113 90 90 135 90 90 113 113 113 90 113 113 113 90 113 113 113 113 113 90 90 90
90 113 113 113 113 90 90 113 113 113 113 113 135 113 113 90 135 90 90 113 90 113 90 113 113 90 113 113 90 90
90 90 90 113 90 113 113 90 113 90 
3357 3750 5157
68 68 90 68 68 68 90 68 90 68 68 68 90 68 68 68 68 68 68 68 68 68 68 90 90 68 68 68 68 68
68 90 68 68 68 90 68 68 68 68 68 90 68 68 68 90 90 68 68 68 68 68 90 68 68 90 90 68 68 68
68 68 90 90 90 68 68 68 90 90 68 68 90 90 68 68 90 68 68 90 68 68 68 68 68 68 68 68 68 68
68 68 68 68 68 68 68 68 90 68 
3368 3647 5168
68 68 90 68 68 68 90 68 90 68 68 68 90 68 68 68 68 68 68 68 68 68 68 90 90 68 68 68 68 68
68 90 68 68 68 90 68 68 68 68 68 90 68 68 68 90 90 68 68 68 68 68 90 68 68 90 90 68 68 68
68 68 90 90 90 68 68 68 90 90 68 68 90 90 68 68 90 68 68 90 68 68 68 68 68 68 68 68 68 68
68 68 68 68 68 68 68 68 90 68 
3428 3495 5228
68 68 90 68 68 68 90 68 90 68 68 68 90 68 68 68 68 68 68 68 68 68 68 90 90 68 68 68 68 68
68 90 68 68 68 90 68 68 68 68 68 90 68 68 68 90 90 68 68 68 68 68 90 68 68 90 90 68 68 68
68 68 90 90 90 68 68 68 90 90 68 68 90 90 68 68 90 68 68 90 68 68 68 68 68 68 68 68 68 68
68 68 68 68 68 68 68 68 90 68 
3463 3579 5263
90 90 113 113 90 90 113 90 135 113 90 90 113 113 90 113 90 90 90 90 90 113 90 135 113 113 90 113 113 113
90 135 90 90 113 113 90 90 113 90 90 135 90 90 113 113 113 90 113 113 113 90 113 113 113 113 113 90 90 90
90 113 113 113 113 90 90 113 113 113 113 113 135 113 113 90 135 90 90 113 90 113 90 113 113 90 113 113 90 90
90 90 90 113 90 113 113 90 113 90 
3495 4079 5295
68 68 68 68 68 68 68 68 68 68 68 68 68 68 68 68 68 68 68 68 68 68 68 68 68 68 68 68 68 68
68 68 68 68 68 68 68 68 68 68 68 68 68 68 68 68 68 68 68 68 68 68 68 68 68 68 68 68 68 68
68 68 68 68 68 68 68 68 68 68 68 68 68 68 68 68 68 68 68 68 68 68 68 68 68 68 68 68 68 68
68 68 68 68 68 68 68 68 68 68 
3544 3764 5344
90 90 113 113 90 90 113 90 135 113 90 90 113 113 90 113 90 90 90 90 90 113 90 135 113 113 90 113 113 113
90 135 90 90 113 113 90 90 113 90 90 135 90 90 113 113 113 90 113 113 113 90 113 113 113 113 113 90 90 90
90 113 113 113 113 90 90 113 113 113 113 113 135 113 113 90 135 90 90 113 90 113 90 113 113 90 113 113 90 90
90 90 90 113 90 113 113 90 113 90 
3623 3749 5423
90 90 113 113 90 90 113 90 135 113 90 90 113 113 90 113 90 90 90 90 90 113 90 135 113 113 90 113 113 113
90 135 90 90 113 113 90 90 113 90 90 135 90 90 113 113 113 90 113 113 113 90 113 113 113 113 113 90 90 90
90 113 113 113 113 90 90 113 113 113 113 113 135 113 113 90 135 90 90 113 90 113 90 113 113 90 113 113 90 90
90 90 90 113 90 113 113 90 113 90 
3632 3854 5432
68 68 90 68 68 68 90 68 90 68 68 68 90 68 68 68 68 68 68 68 68 68 68 90 90 68 68 68 68 68
68 90 68 68 68 90 68 68 68 68 68 90 68 68 68 90 90 68 68 68 68 68 90 68 68 90 90 68 68 68
68 68 90 90 90 68 68 68 90 90 68 68 90 90 68 68 90 68 68 90 68 68 68 68 68 68 68 68 68 68
68 68 68 68 68 68 68 68 90 68 
3723 4273 5523 
68 68 68 68 68 68 68 68 68 68 68 68 68 68 68 68 68 68 68 68 68 68 68 68 68 68 68 68 68 68
68 68 68 68 68 68 68 68 68 68 68 68 68 68 68 68 68 68 68 68 68 68 68 68 68 68 68 68 68 68
68 68 68 68 68 68 68 68 68 68 68 68 68 68 68 68 68 68 68 68 68 68 68 68 68 68 68 68 68 68
68 68 68 68 68 68 68 68 68 68 
4190 4469 5990
90 90 113 113 90 90 113 90 135 113 90 90 113 113 90 113 90 90 90 90 90 113 90 135 113 113 90 113 113 113
90 135 90 90 113 113 90 90 113 90 90 135 90 90 113 113 113 90 113 113 113 90 113 113 113 113 113 90 90 90
90 113 113 113 113 90 90 113 113 113 113 113 135 113 113 90 135 90 90 113 90 113 90 113 113 90 113 113 90 90
90 90 90 113 90 113 113 90 113 90 
4220 4771 6020
90 90 113 113 90 90 113 90 135 113 90 90 113 113 90 113 90 90 90 90 90 113 90 135 113 113 90 113 113 113
90 135 90 90 113 113 90 90 113 90 90 135 90 90 113 113 113 90 113 113 113 90 113 113 113 113 113 90 90 90
90 113 113 113 113 90 90 113 113 113 113 113 135 113 113 90 135 90 90 113 90 113 90 113 113 90 113 113 90 90
90 90 90 113 90 113 113 90 113 90 
4246 4836 6046
68 68 90 68 68 68 90 68 90 68 68 68 90 68 68 68 68 68 68 68 68 68 68 90 90 68 68 68 68 68
68 90 68 68 68 90 68 68 68 68 68 90 68 68 68 90 90 68 68 68 68 68 90 68 68 90 90 68 68 68
68 68 90 90 90 68 68 68 90 90 68 68 90 90 68 68 90 68 68 90 68 68 68 68 68 68 68 68 68 68
68 68 68 68 68 68 68 68 90 68 
4376 4695 6176
90 90 113 113 90 90 113 90 135 113 90 90 113 113 90 113 90 90 90 90 90 113 90 135 113 113 90 113 113 113
90 135 90 90 113 113 90 90 113 90 90 135 90 90 113 113 113 90 113 113 113 90 113 113 113 113 113 90 90 90
90 113 113 113 113 90 90 113 113 113 113 113 135 113 113 90 135 90 90 113 90 113 90 113 113 90 113 113 90 90
90 90 90 113 90 113 113 90 113 90 
4483 4829 6283 
90 90 113 113 90 90 113 90 135 113 90 90 113 113 90 113 90 90 90 90 90 113 90 135 113 113 90 113 113 113
90 135 90 90 113 113 90 90 113 90 90 135 90 90 113 113 113 90 113 113 113 90 113 113 113 113 113 90 90 90
90 113 113 113 113 90 90 113 113 113 113 113 135 113 113 90 135 90 90 113 90 113 90 113 113 90 113 113 90 90
90 90 90 113 90 113 113 90 113 90 
4894 5400 6694 
68 68 68 68 68 68 68 68 68 68 68 68 68 68 68 68 68 68 68 68 68 68 68 68 68 68 68 68 68 68
68 68 68 68 68 68 68 68 68 68 68 68 68 68 68 68 68 68 68 68 68 68 68 68 68 68 68 68 68 68
68 68 68 68 68 68 68 68 68 68 68 68 68 68 68 68 68 68 68 68 68 68 68 68 68 68 68 68 68 68
68 68 68 68 68 68 68 68 68 68 
4965 5536 6765
90 90 113 113 90 90 113 90 135 113 90 90 113 113 90 113 90 90 90 90 90 113 90 135 113 113 90 113 113 113
90 135 90 90 113 113 90 90 113 90 90 135 90 90 113 113 113 90 113 113 113 90 113 113 113 113 113 90 90 90
90 113 113 113 113 90 90 113 113 113 113 113 135 113 113 90 135 90 90 113 90 113 90 113 113 90 113 113 90 90
90 90 90 113 90 113 113 90 113 90 
4982 5224 6782
90 90 113 113 90 90 113 90 135 113 90 90 113 113 90 113 90 90 90 90 90 113 90 135 113 113 90 113 113 113
90 135 90 90 113 113 90 90 113 90 90 135 90 90 113 113 113 90 113 113 113 90 113 113 113 113 113 90 90 90
90 113 113 113 113 90 90 113 113 113 113 113 135 113 113 90 135 90 90 113 90 113 90 113 113 90 113 113 90 90
90 90 90 113 90 113 113 90 113 90 
5021 5443 6821
68 68 90 68 68 68 90 68 90 68 68 68 90 68 68 68 68 68 68 68 68 68 68 90 90 68 68 68 68 68
68 90 68 68 68 90 68 68 68 68 68 90 68 68 68 90 90 68 68 68 68 68 90 68 68 90 90 68 68 68
68 68 90 90 90 68 68 68 90 90 68 68 90 90 68 68 90 68 68 90 68 68 68 68 68 68 68 68 68 68
68 68 68 68 68 68 68 68 90 68 
5030 5492 6830
68 68 68 68 68 68 68 68 68 68 68 68 68 68 68 68 68 68 68 68 68 68 68 68 68 68 68 68 68 68
68 68 68 68 68 68 68 68 68 68 68 68 68 68 68 68 68 68 68 68 68 68 68 68 68 68 68 68 68 68
68 68 68 68 68 68 68 68 68 68 68 68 68 68 68 68 68 68 68 68 68 68 68 68 68 68 68 68 68 68
68 68 68 68 68 68 68 68 68 68 
5145 5373 6945
68 68 68 68 68 68 68 68 68 68 68 68 68 68 68 68 68 68 68 68 68 68 68 68 68 68 68 68 68 68
68 68 68 68 68 68 68 68 68 68 68 68 68 68 68 68 68 68 68 68 68 68 68 68 68 68 68 68 68 68
68 68 68 68 68 68 68 68 68 68 68 68 68 68 68 68 68 68 68 68 68 68 68 68 68 68 68 68 68 68
68 68 68 68 68 68 68 68 68 68 
5175 5731 6975
90 90 113 113 90 90 113 90 135 113 90 90 113 113 90 113 90 90 90 90 90 113 90 135 113 113 90 113 113 113
90 135 90 90 113 113 90 90 113 90 90 135 90 90 113 113 113 90 113 113 113 90 113 113 113 113 113 90 90 90
90 113 113 113 113 90 90 113 113 113 113 113 135 113 113 90 135 90 90 113 90 113 90 113 113 90 113 113 90 90
90 90 90 113 90 113 113 90 113 90 
5214 5749 7014
68 68 90 68 68 68 90 68 90 68 68 68 90 68 68 68 68 68 68 68 68 68 68 90 90 68 68 68 68 68
68 90 68 68 68 90 68 68 68 68 68 90 68 68 68 90 90 68 68 68 68 68 90 68 68 90 90 68 68 68
68 68 90 90 90 68 68 68 90 90 68 68 90 90 68 68 90 68 68 90 68 68 68 68 68 68 68 68 68 68
68 68 68 68 68 68 68 68 90 68 
5224 5588 7024
68 68 90 68 68 68 90 68 90 68 68 68 90 68 68 68 68 68 68 68 68 68 68 90 90 68 68 68 68 68
68 90 68 68 68 90 68 68 68 68 68 90 68 68 68 90 90 68 68 68 68 68 90 68 68 90 90 68 68 68
68 68 90 90 90 68 68 68 90 90 68 68 90 90 68 68 90 68 68 90 68 68 68 68 68 68 68 68 68 68
68 68 68 68 68 68 68 68 90 68 
5346 5636 7146
68 68 90 68 68 68 90 68 90 68 68 68 90 68 68 68 68 68 68 68 68 68 68 90 90 68 68 68 68 68
68 90 68 68 68 90 68 68 68 68 68 90 68 68 68 90 90 68 68 68 68 68 90 68 68 90 90 68 68 68
68 68 90 90 90 68 68 68 90 90 68 68 90 90 68 68 90 68 68 90 68 68 68 68 68 68 68 68 68 68
68 68 68 68 68 68 68 68 90 68 
5588 5946 7388
90 90 113 113 90 90 113 90 135 113 90 90 113 113 90 113 90 90 90 90 90 113 90 135 113 113 90 113 113 113
90 135 90 90 113 113 90 90 113 90 90 135 90 90 113 113 113 90 113 113 113 90 113 113 113 113 113 90 90 90
90 113 113 113 113 90 90 113 113 113 113 113 135 113 113 90 135 90 90 113 90 113 90 113 113 90 113 113 90 90
90 90 90 113 90 113 113 90 113 90 
5691 6145 7491 
68 68 68 68 68 68 68 68 68 68 68 68 68 68 68 68 68 68 68 68 68 68 68 68 68 68 68 68 68 68
68 68 68 68 68 68 68 68 68 68 68 68 68 68 68 68 68 68 68 68 68 68 68 68 68 68 68 68 68 68
68 68 68 68 68 68 68 68 68 68 68 68 68 68 68 68 68 68 68 68 68 68 68 68 68 68 68 68 68 68
68 68 68 68 68 68 68 68 68 68 
5704 6074 7504
68 68 90 68 68 68 90 68 90 68 68 68 90 68 68 68 68 68 68 68 68 68 68 90 90 68 68 68 68 68
68 90 68 68 68 90 68 68 68 68 68 90 68 68 68 90 90 68 68 68 68 68 90 68 68 90 90 68 68 68
68 68 90 90 90 68 68 68 90 90 68 68 90 90 68 68 90 68 68 90 68 68 68 68 68 68 68 68 68 68
68 68 68 68 68 68 68 68 90 68 
5808 6223 7608
68 68 90 68 68 68 90 68 90 68 68 68 90 68 68 68 68 68 68 68 68 68 68 90 90 68 68 68 68 68
68 90 68 68 68 90 68 68 68 68 68 90 68 68 68 90 90 68 68 68 68 68 90 68 68 90 90 68 68 68
68 68 90 90 90 68 68 68 90 90 68 68 90 90 68 68 90 68 68 90 68 68 68 68 68 68 68 68 68 68
68 68 68 68 68 68 68 68 90 68 
5944 6521 7744
68 68 68 68 68 68 68 68 68 68 68 68 68 68 68 68 68 68 68 68 68 68 68 68 68 68 68 68 68 68
68 68 68 68 68 68 68 68 68 68 68 68 68 68 68 68 68 68 68 68 68 68 68 68 68 68 68 68 68 68
68 68 68 68 68 68 68 68 68 68 68 68 68 68 68 68 68 68 68 68 68 68 68 68 68 68 68 68 68 68
68 68 68 68 68 68 68 68 68 68 
5981 6404 7781
68 68 68 68 68 68 68 68 68 68 68 68 68 68 68 68 68 68 68 68 68 68 68 68 68 68 68 68 68 68
68 68 68 68 68 68 68 68 68 68 68 68 68 68 68 68 68 68 68 68 68 68 68 68 68 68 68 68 68 68
68 68 68 68 68 68 68 68 68 68 68 68 68 68 68 68 68 68 68 68 68 68 68 68 68 68 68 68 68 68
68 68 68 68 68 68 68 68 68 68 
6102 6455 7902
90 90 113 113 90 90 113 90 135 113 90 90 113 113 90 113 90 90 90 90 90 113 90 135 113 113 90 113 113 113
90 135 90 90 113 113 90 90 113 90 90 135 90 90 113 113 113 90 113 113 113 90 113 113 113 113 113 90 90 90
90 113 113 113 113 90 90 113 113 113 113 113 135 113 113 90 135 90 90 113 90 113 90 113 113 90 113 113 90 90
90 90 90 113 90 113 113 90 113 90 
6208 6344 8008
90 90 113 113 90 90 113 90 135 113 90 90 113 113 90 113 90 90 90 90 90 113 90 135 113 113 90 113 113 113
90 135 90 90 113 113 90 90 113 90 90 135 90 90 113 113 113 90 113 113 113 90 113 113 113 113 113 90 90 90
90 113 113 113 113 90 90 113 113 113 113 113 135 113 113 90 135 90 90 113 90 113 90 113 113 90 113 113 90 90
90 90 90 113 90 113 113 90 113 90 
6582 6867 8382
90 90 113 113 90 90 113 90 135 113 90 90 113 113 90 113 90 90 90 90 90 113 90 135 113 113 90 113 113 113
90 135 90 90 113 113 90 90 113 90 90 135 90 90 113 113 113 90 113 113 113 90 113 113 113 113 113 90 90 90
90 113 113 113 113 90 90 113 113 113 113 113 135 113 113 90 135 90 90 113 90 113 90 113 113 90 113 113 90 90
90 90 90 113 90 113 113 90 113 90 
6842 6972 8642
90 90 113 113 90 90 113 90 135 113 90 90 113 113 90 113 90 90 90 90 90 113 90 135 113 113 90 113 113 113
90 135 90 90 113 113 90 90 113 90 90 135 90 90 113 113 113 90 113 113 113 90 113 113 113 113 113 90 90 90
90 113 113 113 113 90 90 113 113 113 113 113 135 113 113 90 135 90 90 113 90 113 90 113 113 90 113 113 90 90
90 90 90 113 90 113 113 90 113 90 
7168 7439 8968
68 68 90 68 68 68 90 68 90 68 68 68 90 68 68 68 68 68 68 68 68 68 68 90 90 68 68 68 68 68
68 90 68 68 68 90 68 68 68 68 68 90 68 68 68 90 90 68 68 68 68 68 90 68 68 90 90 68 68 68
68 68 90 90 90 68 68 68 90 90 68 68 90 90 68 68 90 68 68 90 68 68 68 68 68 68 68 68 68 68
68 68 68 68 68 68 68 68 90 68 
7240 7635 9040 
68 68 68 68 68 68 68 68 68 68 68 68 68 68 68 68 68 68 68 68 68 68 68 68 68 68 68 68 68 68
68 68 68 68 68 68 68 68 68 68 68 68 68 68 68 68 68 68 68 68 68 68 68 68 68 68 68 68 68 68
68 68 68 68 68 68 68 68 68 68 68 68 68 68 68 68 68 68 68 68 68 68 68 68 68 68 68 68 68 68
68 68 68 68 68 68 68 68 68 68 
7508 7824 9308
68 68 68 68 68 68 68 68 68 68 68 68 68 68 68 68 68 68 68 68 68 68 68 68 68 68 68 68 68 68
68 68 68 68 68 68 68 68 68 68 68 68 68 68 68 68 68 68 68 68 68 68 68 68 68 68 68 68 68 68
68 68 68 68 68 68 68 68 68 68 68 68 68 68 68 68 68 68 68 68 68 68 68 68 68 68 68 68 68 68
68 68 68 68 68 68 68 68 68 68 
7632 8162 9432
68 68 68 68 68 68 68 68 68 68 68 68 68 68 68 68 68 68 68 68 68 68 68 68 68 68 68 68 68 68
68 68 68 68 68 68 68 68 68 68 68 68 68 68 68 68 68 68 68 68 68 68 68 68 68 68 68 68 68 68
68 68 68 68 68 68 68 68 68 68 68 68 68 68 68 68 68 68 68 68 68 68 68 68 68 68 68 68 68 68
68 68 68 68 68 68 68 68 68 68 
7635 8124 9435
90 90 113 113 90 90 113 90 135 113 90 90 113 113 90 113 90 90 90 90 90 113 90 135 113 113 90 113 113 113
90 135 90 90 113 113 90 90 113 90 90 135 90 90 113 113 113 90 113 113 113 90 113 113 113 113 113 90 90 90
90 113 113 113 113 90 90 113 113 113 113 113 135 113 113 90 135 90 90 113 90 113 90 113 113 90 113 113 90 90
90 90 90 113 90 113 113 90 113 90 
7725 8080 9525
90 90 113 113 90 90 113 90 135 113 90 90 113 113 90 113 90 90 90 90 90 113 90 135 113 113 90 113 113 113
90 135 90 90 113 113 90 90 113 90 90 135 90 90 113 113 113 90 113 113 113 90 113 113 113 113 113 90 90 90
90 113 113 113 113 90 90 113 113 113 113 113 135 113 113 90 135 90 90 113 90 113 90 113 113 90 113 113 90 90
90 90 90 113 90 113 113 90 113 90 
7774 8149 9574
68 68 90 68 68 68 90 68 90 68 68 68 90 68 68 68 68 68 68 68 68 68 68 90 90 68 68 68 68 68
68 90 68 68 68 90 68 68 68 68 68 90 68 68 68 90 90 68 68 68 68 68 90 68 68 90 90 68 68 68
68 68 90 90 90 68 68 68 90 90 68 68 90 90 68 68 90 68 68 90 68 68 68 68 68 68 68 68 68 68
68 68 68 68 68 68 68 68 90 68 
8071 8291 9871
68 68 68 68 68 68 68 68 68 68 68 68 68 68 68 68 68 68 68 68 68 68 68 68 68 68 68 68 68 68
68 68 68 68 68 68 68 68 68 68 68 68 68 68 68 68 68 68 68 68 68 68 68 68 68 68 68 68 68 68
68 68 68 68 68 68 68 68 68 68 68 68 68 68 68 68 68 68 68 68 68 68 68 68 68 68 68 68 68 68
68 68 68 68 68 68 68 68 68 68 
8152 8349 9952
68 68 68 68 68 68 68 68 68 68 68 68 68 68 68 68 68 68 68 68 68 68 68 68 68 68 68 68 68 68
68 68 68 68 68 68 68 68 68 68 68 68 68 68 68 68 68 68 68 68 68 68 68 68 68 68 68 68 68 68
68 68 68 68 68 68 68 68 68 68 68 68 68 68 68 68 68 68 68 68 68 68 68 68 68 68 68 68 68 68
68 68 68 68 68 68 68 68 68 68 
8244 8715 10044
68 68 90 68 68 68 90 68 90 68 68 68 90 68 68 68 68 68 68 68 68 68 68 90 90 68 68 68 68 68
68 90 68 68 68 90 68 68 68 68 68 90 68 68 68 90 90 68 68 68 68 68 90 68 68 90 90 68 68 68
68 68 90 90 90 68 68 68 90 90 68 68 90 90 68 68 90 68 68 90 68 68 68 68 68 68 68 68 68 68
68 68 68 68 68 68 68 68 90 68 
8350 8455 10150
68 68 90 68 68 68 90 68 90 68 68 68 90 68 68 68 68 68 68 68 68 68 68 90 90 68 68 68 68 68
68 90 68 68 68 90 68 68 68 68 68 90 68 68 68 90 90 68 68 68 68 68 90 68 68 90 90 68 68 68
68 68 90 90 90 68 68 68 90 90 68 68 90 90 68 68 90 68 68 90 68 68 68 68 68 68 68 68 68 68
68 68 68 68 68 68 68 68 90 68 
8623 8903 10423 
68 68 68 68 68 68 68 68 68 68 68 68 68 68 68 68 68 68 68 68 68 68 68 68 68 68 68 68 68 68
68 68 68 68 68 68 68 68 68 68 68 68 68 68 68 68 68 68 68 68 68 68 68 68 68 68 68 68 68 68
68 68 68 68 68 68 68 68 68 68 68 68 68 68 68 68 68 68 68 68 68 68 68 68 68 68 68 68 68 68
68 68 68 68 68 68 68 68 68 68 
9001 9293 10801
68 68 68 68 68 68 68 68 68 68 68 68 68 68 68 68 68 68 68 68 68 68 68 68 68 68 68 68 68 68
68 68 68 68 68 68 68 68 68 68 68 68 68 68 68 68 68 68 68 68 68 68 68 68 68 68 68 68 68 68
68 68 68 68 68 68 68 68 68 68 68 68 68 68 68 68 68 68 68 68 68 68 68 68 68 68 68 68 68 68
68 68 68 68 68 68 68 68 68 68 
9365 9508 11165
68 68 90 68 68 68 90 68 90 68 68 68 90 68 68 68 68 68 68 68 68 68 68 90 90 68 68 68 68 68
68 90 68 68 68 90 68 68 68 68 68 90 68 68 68 90 90 68 68 68 68 68 90 68 68 90 90 68 68 68
68 68 90 90 90 68 68 68 90 90 68 68 90 90 68 68 90 68 68 90 68 68 68 68 68 68 68 68 68 68
68 68 68 68 68 68 68 68 90 68 
9569 9988 11369
90 90 113 113 90 90 113 90 135 113 90 90 113 113 90 113 90 90 90 90 90 113 90 135 113 113 90 113 113 113
90 135 90 90 113 113 90 90 113 90 90 135 90 90 113 113 113 90 113 113 113 90 113 113 113 113 113 90 90 90
90 113 113 113 113 90 90 113 113 113 113 113 135 113 113 90 135 90 90 113 90 113 90 113 113 90 113 113 90 90
90 90 90 113 90 113 113 90 113 90 
9630 9796 11430
68 68 68 68 68 68 68 68 68 68 68 68 68 68 68 68 68 68 68 68 68 68 68 68 68 68 68 68 68 68
68 68 68 68 68 68 68 68 68 68 68 68 68 68 68 68 68 68 68 68 68 68 68 68 68 68 68 68 68 68
68 68 68 68 68 68 68 68 68 68 68 68 68 68 68 68 68 68 68 68 68 68 68 68 68 68 68 68 68 68
68 68 68 68 68 68 68 68 68 68 
9820 10300 11620
90 90 113 113 90 90 113 90 135 113 90 90 113 113 90 113 90 90 90 90 90 113 90 135 113 113 90 113 113 113
90 135 90 90 113 113 90 90 113 90 90 135 90 90 113 113 113 90 113 113 113 90 113 113 113 113 113 90 90 90
90 113 113 113 113 90 90 113 113 113 113 113 135 113 113 90 135 90 90 113 90 113 90 113 113 90 113 113 90 90
90 90 90 113 90 113 113 90 113 90 
9822 10108 11622
90 90 113 113 90 90 113 90 135 113 90 90 113 113 90 113 90 90 90 90 90 113 90 135 113 113 90 113 113 113
90 135 90 90 113 113 90 90 113 90 90 135 90 90 113 113 113 90 113 113 113 90 113 113 113 113 113 90 90 90
90 113 113 113 113 90 90 113 113 113 113 113 135 113 113 90 135 90 90 113 90 113 90 113 113 90 113 113 90 90
90 90 90 113 90 113 113 90 113 90 
10119 10666 11919
68 68 68 68 68 68 68 68 68 68 68 68 68 68 68 68 68 68 68 68 68 68 68 68 68 68 68 68 68 68
68 68 68 68 68 68 68 68 68 68 68 68 68 68 68 68 68 68 68 68 68 68 68 68 68 68 68 68 68 68
68 68 68 68 68 68 68 68 68 68 68 68 68 68 68 68 68 68 68 68 68 68 68 68 68 68 68 68 68 68
68 68 68 68 68 68 68 68 68 68 
10152 10704 11952
90 90 113 113 90 90 113 90 135 113 90 90 113 113 90 113 90 90 90 90 90 113 90 135 113 113 90 113 113 113
90 135 90 90 113 113 90 90 113 90 90 135 90 90 113 113 113 90 113 113 113 90 113 113 113 113 113 90 90 90
90 113 113 113 113 90 90 113 113 113 113 113 135 113 113 90 135 90 90 113 90 113 90 113 113 90 113 113 90 90
90 90 90 113 90 113 113 90 113 90 
10388 10779 12188
68 68 90 68 68 68 90 68 90 68 68 68 90 68 68 68 68 68 68 68 68 68 68 90 90 68 68 68 68 68
68 90 68 68 68 90 68 68 68 68 68 90 68 68 68 90 90 68 68 68 68 68 90 68 68 90 90 68 68 68
68 68 90 90 90 68 68 68 90 90 68 68 90 90 68 68 90 68 68 90 68 68 68 68 68 68 68 68 68 68
68 68 68 68 68 68 68 68 90 68 
10397 10944 12197
90 90 113 113 90 90 113 90 135 113 90 90 113 113 90 113 90 90 90 90 90 113 90 135 113 113 90 113 113 113
90 135 90 90 113 113 90 90 113 90 90 135 90 90 113 113 113 90 113 113 113 90 113 113 113 113 113 90 90 90
90 113 113 113 113 90 90 113 113 113 113 113 135 113 113 90 135 90 90 113 90 113 90 113 113 90 113 113 90 90
90 90 90 113 90 113 113 90 113 90 
10411 10943 12211
68 68 90 68 68 68 90 68 90 68 68 68 90 68 68 68 68 68 68 68 68 68 68 90 90 68 68 68 68 68
68 90 68 68 68 90 68 68 68 68 68 90 68 68 68 90 90 68 68 68 68 68 90 68 68 90 90 68 68 68
68 68 90 90 90 68 68 68 90 90 68 68 90 90 68 68 90 68 68 90 68 68 68 68 68 68 68 68 68 68
68 68 68 68 68 68 68 68 90 68 
10444 10515 12244
68 68 90 68 68 68 90 68 90 68 68 68 90 68 68 68 68 68 68 68 68 68 68 90 90 68 68 68 68 68
68 90 68 68 68 90 68 68 68 68 68 90 68 68 68 90 90 68 68 68 68 68 90 68 68 90 90 68 68 68
68 68 90 90 90 68 68 68 90 90 68 68 90 90 68 68 90 68 68 90 68 68 68 68 68 68 68 68 68 68
68 68 68 68 68 68 68 68 90 68 
10741 11112 12541
90 90 113 113 90 90 113 90 135 113 90 90 113 113 90 113 90 90 90 90 90 113 90 135 113 113 90 113 113 113
90 135 90 90 113 113 90 90 113 90 90 135 90 90 113 113 113 90 113 113 113 90 113 113 113 113 113 90 90 90
90 113 113 113 113 90 90 113 113 113 113 113 135 113 113 90 135 90 90 113 90 113 90 113 113 90 113 113 90 90
90 90 90 113 90 113 113 90 113 90 
10816 11288 12616
68 68 90 68 68 68 90 68 90 68 68 68 90 68 68 68 68 68 68 68 68 68 68 90 90 68 68 68 68 68
68 90 68 68 68 90 68 68 68 68 68 90 68 68 68 90 90 68 68 68 68 68 90 68 68 90 90 68 68 68
68 68 90 90 90 68 68 68 90 90 68 68 90 90 68 68 90 68 68 90 68 68 68 68 68 68 68 68 68 68
68 68 68 68 68 68 68 68 90 68 
10858 11071 12658
68 68 90 68 68 68 90 68 90 68 68 68 90 68 68 68 68 68 68 68 68 68 68 90 90 68 68 68 68 68
68 90 68 68 68 90 68 68 68 68 68 90 68 68 68 90 90 68 68 68 68 68 90 68 68 90 90 68 68 68
68 68 90 90 90 68 68 68 90 90 68 68 90 90 68 68 90 68 68 90 68 68 68 68 68 68 68 68 68 68
68 68 68 68 68 68 68 68 90 68 
10930 11353 12730
90 90 113 113 90 90 113 90 135 113 90 90 113 113 90 113 90 90 90 90 90 113 90 135 113 113 90 113 113 113
90 135 90 90 113 113 90 90 113 90 90 135 90 90 113 113 113 90 113 113 113 90 113 113 113 113 113 90 90 90
90 113 113 113 113 90 90 113 113 113 113 113 135 113 113 90 135 90 90 113 90 113 90 113 113 90 113 113 90 90
90 90 90 113 90 113 113 90 113 90 
11043 11335 12843
90 90 113 113 90 90 113 90 135 113 90 90 113 113 90 113 90 90 90 90 90 113 90 135 113 113 90 113 113 113
90 135 90 90 113 113 90 90 113 90 90 135 90 90 113 113 113 90 113 113 113 90 113 113 113 113 113 90 90 90
90 113 113 113 113 90 90 113 113 113 113 113 135 113 113 90 135 90 90 113 90 113 90 113 113 90 113 113 90 90
90 90 90 113 90 113 113 90 113 90 
11223 11428 13023
90 90 113 113 90 90 113 90 135 113 90 90 113 113 90 113 90 90 90 90 90 113 90 135 113 113 90 113 113 113
90 135 90 90 113 113 90 90 113 90 90 135 90 90 113 113 113 90 113 113 113 90 113 113 113 113 113 90 90 90
90 113 113 113 113 90 90 113 113 113 113 113 135 113 113 90 135 90 90 113 90 113 90 113 113 90 113 113 90 90
90 90 90 113 90 113 113 90 113 90 
11279 11713 13079
90 90 113 113 90 90 113 90 135 113 90 90 113 113 90 113 90 90 90 90 90 113 90 135 113 113 90 113 113 113
90 135 90 90 113 113 90 90 113 90 90 135 90 90 113 113 113 90 113 113 113 90 113 113 113 113 113 90 90 90
90 113 113 113 113 90 90 113 113 113 113 113 135 113 113 90 135 90 90 113 90 113 90 113 113 90 113 113 90 90
90 90 90 113 90 113 113 90 113 90 
11570 11959 13370
90 90 113 113 90 90 113 90 135 113 90 90 113 113 90 113 90 90 90 90 90 113 90 135 113 113 90 113 113 113
90 135 90 90 113 113 90 90 113 90 90 135 90 90 113 113 113 90 113 113 113 90 113 113 113 113 113 90 90 90
90 113 113 113 113 90 90 113 113 113 113 113 135 113 113 90 135 90 90 113 90 113 90 113 113 90 113 113 90 90
90 90 90 113 90 113 113 90 113 90 
11689 12035 13489
68 68 90 68 68 68 90 68 90 68 68 68 90 68 68 68 68 68 68 68 68 68 68 90 90 68 68 68 68 68
68 90 68 68 68 90 68 68 68 68 68 90 68 68 68 90 90 68 68 68 68 68 90 68 68 90 90 68 68 68
68 68 90 90 90 68 68 68 90 90 68 68 90 90 68 68 90 68 68 90 68 68 68 68 68 68 68 68 68 68
68 68 68 68 68 68 68 68 90 68 
11737 12031 13537
90 90 113 113 90 90 113 90 135 113 90 90 113 113 90 113 90 90 90 90 90 113 90 135 113 113 90 113 113 113
90 135 90 90 113 113 90 90 113 90 90 135 90 90 113 113 113 90 113 113 113 90 113 113 113 113 113 90 90 90
90 113 113 113 113 90 90 113 113 113 113 113 135 113 113 90 135 90 90 113 90 113 90 113 113 90 113 113 90 90
90 90 90 113 90 113 113 90 113 90 
11942 12393 13742
68 68 90 68 68 68 90 68 90 68 68 68 90 68 68 68 68 68 68 68 68 68 68 90 90 68 68 68 68 68
68 90 68 68 68 90 68 68 68 68 68 90 68 68 68 90 90 68 68 68 68 68 90 68 68 90 90 68 68 68
68 68 90 90 90 68 68 68 90 90 68 68 90 90 68 68 90 68 68 90 68 68 68 68 68 68 68 68 68 68
68 68 68 68 68 68 68 68 90 68 
12124 12655 13924
68 68 90 68 68 68 90 68 90 68 68 68 90 68 68 68 68 68 68 68 68 68 68 90 90 68 68 68 68 68
68 90 68 68 68 90 68 68 68 68 68 90 68 68 68 90 90 68 68 68 68 68 90 68 68 90 90 68 68 68
68 68 90 90 90 68 68 68 90 90 68 68 90 90 68 68 90 68 68 90 68 68 68 68 68 68 68 68 68 68
68 68 68 68 68 68 68 68 90 68 
12136 12387 13936
90 90 113 113 90 90 113 90 135 113 90 90 113 113 90 113 90 90 90 90 90 113 90 135 113 113 90 113 113 113
90 135 90 90 113 113 90 90 113 90 90 135 90 90 113 113 113 90 113 113 113 90 113 113 113 113 113 90 90 90
90 113 113 113 113 90 90 113 113 113 113 113 135 113 113 90 135 90 90 113 90 113 90 113 113 90 113 113 90 90
90 90 90 113 90 113 113 90 113 90 
12238 12550 14038
68 68 68 68 68 68 68 68 68 68 68 68 68 68 68 68 68 68 68 68 68 68 68 68 68 68 68 68 68 68
68 68 68 68 68 68 68 68 68 68 68 68 68 68 68 68 68 68 68 68 68 68 68 68 68 68 68 68 68 68
68 68 68 68 68 68 68 68 68 68 68 68 68 68 68 68 68 68 68 68 68 68 68 68 68 68 68 68 68 68
68 68 68 68 68 68 68 68 68 68 
12323 12691 14123
90 90 113 113 90 90 113 90 135 113 90 90 113 113 90 113 90 90 90 90 90 113 90 135 113 113 90 113 113 113
90 135 90 90 113 113 90 90 113 90 90 135 90 90 113 113 113 90 113 113 113 90 113 113 113 113 113 90 90 90
90 113 113 113 113 90 90 113 113 113 113 113 135 113 113 90 135 90 90 113 90 113 90 113 113 90 113 113 90 90
90 90 90 113 90 113 113 90 113 90 
