15
129 155 559
99999 3 15 15 15 15 15 15 
15 15 3 3 15 15 3 
190 250 732
3 99999 15 15 15 15 15 15 
15 15 3 3 15 15 3 
84 93 501
15 15 99999 8 8 8 8 8 
8 8 15 15 8 8 15 
89 98 509
15 15 8 99999 8 8 8 8 
8 8 15 15 8 8 15 
100 111 536
15 15 8 8 99999 8 8 8 
8 8 15 15 8 8 15 
107 120 552
15 15 8 8 8 99999 8 8 
8 8 15 15 8 8 15 
109 121 550
15 15 8 8 8 8 99999 8 
8 8 15 15 8 8 15 
109 120 544
15 15 8 8 8 8 8 99999 
8 8 15 15 8 8 15 
115 128 557
15 15 8 8 8 8 8 8 
99999 8 15 15 8 8 15 
134 151 610
15 15 8 8 8 8 8 8 
8 99999 15 15 8 8 15 
266 341 837 
3 3 15 15 15 15 15 15 
15 15 99999 3 15 15 3 
251 313 778
3 3 15 15 15 15 15 15 
15 15 3 99999 15 15 3 
160 181 674
15 15 8 8 8 8 8 8 
8 8 15 15 99999 8 15 
152 171 637
15 15 8 8 8 8 8 8 
8 8 15 15 8 99999 15 
276 342 815
3 3 15 15 15 15 15 15 
15 15 3 3 15 15 99999 
